25.16 25.16 21.00
24.34 24.34 21.48
25.16 25.16 20.51
25.16 25.16 21.48
25.16 25.16 21.00
25.16 25.16 21.48
25.16 25.16 20.02
25.16 25.16 20.02
25.16 25.16 21.48
25.16 25.16 21.00
25.16 25.16 21.48
25.16 25.16 21.48
24.34 24.34 22.46
25.16 25.16 21.48
24.34 24.34 22.95
25.16 25.16 20.02
25.16 25.16 20.02
25.16 25.16 20.51
25.16 25.16 22.46
25.16 25.16 20.51
25.16 25.16 22.95
25.16 25.16 20.51
25.16 25.16 21.00
25.16 25.16 22.95
24.34 24.34 21.97
25.16 25.16 20.02
25.16 25.16 20.51
25.16 25.16 21.00
24.34 24.34 21.00
24.34 24.34 21.48
25.16 25.16 20.02
25.16 25.16 20.51
24.34 24.34 21.00
25.16 25.16 20.02
25.16 25.16 21.48
25.16 25.16 21.48
25.16 25.16 20.02
25.16 25.16 20.51
25.16 25.16 22.95
25.16 25.16 21.97
24.34 24.34 22.95
25.16 25.16 20.51
25.16 25.16 21.97
25.16 25.16 21.00
25.16 25.16 21.48
25.16 25.16 21.00
25.16 25.16 21.00
25.16 25.16 22.95
25.16 25.16 21.00
24.34 24.34 20.51
25.16 25.16 21.00
24.34 24.34 21.48
25.16 25.16 21.00
25.16 25.16 23.44
24.34 24.34 23.93
25.16 25.16 23.93
25.16 25.16 23.44
25.16 25.16 24.41
25.16 25.16 24.41
25.16 25.16 24.90
25.16 25.16 26.37
25.16 25.16 26.37
25.16 25.16 27.83
24.34 24.34 27.34
24.34 24.34 26.37
25.16 25.16 28.32
25.16 25.16 28.32
25.16 25.16 28.81
25.16 25.16 28.32
25.16 25.16 28.81
25.16 25.16 28.32
25.16 25.16 28.32
25.16 25.16 29.79
25.16 25.16 30.27
25.16 25.16 28.81
25.16 25.16 29.30
24.34 24.34 28.32
25.16 25.16 28.81
25.16 25.16 29.30
25.16 25.16 28.81
25.16 25.16 30.76
25.16 25.16 29.79
25.16 25.16 30.76
25.16 25.16 29.79
25.16 25.16 29.79
25.16 25.16 29.79
25.16 25.16 31.25
25.16 25.16 30.76
25.16 25.16 29.79
25.16 25.16 30.76
25.16 25.16 30.76
25.16 25.16 30.27
25.16 25.16 30.27
25.16 25.16 29.79
25.16 25.16 31.74
25.16 25.16 30.27
25.16 25.16 31.25
25.16 25.16 30.27
25.16 25.16 31.74
25.16 25.16 31.74
25.16 25.16 30.76
25.16 25.16 30.76
25.16 25.16 30.76
25.16 25.16 30.76
25.16 25.16 31.25
25.16 25.16 30.76
25.16 25.16 31.74
25.16 25.16 31.25
25.16 25.16 32.23
25.16 25.16 29.79
25.16 25.16 31.74
24.34 24.34 31.25
25.16 25.16 31.74
25.16 25.16 31.25
25.16 25.16 30.76
25.16 25.16 30.76
25.16 25.16 31.74
25.16 25.16 30.76
24.34 24.34 30.27
25.16 25.16 30.76
25.16 25.16 29.79
25.16 25.16 31.74
25.16 25.16 30.27
25.16 25.16 31.25
25.16 25.16 31.74
25.16 25.16 31.74
25.16 25.16 31.74
25.16 25.16 31.74
25.16 25.16 30.27
25.16 25.16 30.27
25.16 25.16 30.27
25.16 25.16 30.27
25.16 25.16 30.27
25.16 25.16 30.76
24.34 24.34 31.25
25.16 25.16 29.79
25.16 25.16 29.79
24.34 24.34 29.79
25.16 25.16 30.76
25.16 25.16 30.76
25.16 25.16 30.27
25.16 25.16 30.27
25.16 25.16 30.76
25.16 25.16 30.27
24.34 24.34 30.27
25.16 25.16 28.32
25.16 25.16 29.30
25.16 25.16 28.81
25.16 25.16 28.32
25.16 25.16 29.30
25.16 25.16 28.81
25.16 25.16 28.81
25.16 25.16 27.83
25.16 25.16 29.30
25.16 25.16 28.32
25.16 25.16 27.83
25.16 25.16 28.32
25.16 25.16 28.32
25.16 25.16 26.86
25.16 25.16 27.83
25.16 25.16 28.32
25.16 25.16 27.34
25.16 25.16 28.32
25.16 25.16 28.32
25.16 25.16 26.86
25.16 25.16 26.37
25.16 25.16 26.86
25.16 25.16 26.37
25.16 25.16 25.88
25.16 25.16 26.37
25.16 25.16 26.37
25.16 25.16 25.88
25.16 25.16 27.34
25.16 25.16 26.86
25.16 25.16 27.34
25.16 25.16 27.34
25.16 25.16 27.34
25.16 25.16 26.37
25.16 25.16 25.39
25.16 25.16 25.39
25.16 25.16 25.39
25.16 25.16 26.37
25.16 25.16 24.90
25.16 25.16 26.37
25.16 25.16 25.39
25.16 25.16 24.90
25.16 25.16 24.41
25.16 25.16 26.37
24.34 24.34 24.90
25.16 25.16 26.37
25.16 25.16 24.41
25.16 25.16 24.41
25.16 25.16 25.39
25.16 25.16 24.90
25.16 25.16 24.41
25.16 25.16 24.41
25.16 25.16 24.41
25.16 25.16 24.41
25.16 25.16 25.39
25.16 25.16 24.41
25.16 25.16 26.37
25.16 25.16 25.39
25.16 25.16 24.41
25.16 25.16 24.90
25.16 25.16 24.90
25.16 25.16 24.41
25.16 25.16 24.41
25.16 25.16 24.90
25.16 25.16 24.41
25.16 25.16 23.93
25.16 25.16 24.41
25.16 25.16 25.88
25.16 25.16 25.39
25.16 25.16 25.39
25.16 25.16 24.41
25.16 25.16 24.90
25.16 25.16 24.90
25.16 25.16 24.41
25.16 25.16 24.41
25.98 25.98 23.93
25.16 25.16 23.93
25.16 25.16 24.41
25.16 25.16 23.44
25.16 25.16 25.39
25.16 25.16 23.93
25.16 25.16 23.93
25.16 25.16 25.88
25.16 25.16 25.39
25.16 25.16 24.41
25.16 25.16 24.41
25.16 25.16 23.44
25.16 25.16 25.39
25.16 25.16 23.44
25.16 25.16 23.93
25.16 25.16 24.41
25.16 25.16 23.44
25.16 25.16 24.90
25.16 25.16 24.41
25.16 25.16 23.44
25.16 25.16 24.41
25.16 25.16 23.44
25.16 25.16 23.93
25.16 25.16 23.93
25.16 25.16 23.93
25.16 25.16 23.44
25.16 25.16 23.93
25.16 25.16 23.93
25.16 25.16 24.41
25.16 25.16 24.41
25.16 25.16 23.93
25.16 25.16 25.39
25.16 25.16 23.44
25.16 25.16 24.41
25.16 25.16 24.41
24.34 24.34 23.44
25.16 25.16 23.93
25.16 25.16 24.41
25.16 25.16 23.93
25.16 25.16 23.44
25.16 25.16 23.93
25.16 25.16 24.41
25.16 25.16 23.93
25.16 25.16 23.44
25.16 25.16 24.90
25.16 25.16 22.95
25.16 25.16 23.44
25.16 25.16 24.90
25.16 25.16 24.41
25.16 25.16 24.41
25.16 25.16 23.44
25.16 25.16 24.90
25.16 25.16 23.44
25.16 25.16 24.90
25.16 25.16 23.44
25.16 25.16 23.93
25.16 25.16 23.44
25.16 25.16 23.93
25.16 25.16 23.44
25.16 25.16 25.39
25.16 25.16 23.44
25.16 25.16 24.90
25.16 25.16 22.95
25.16 25.16 23.93
25.16 25.16 24.41
25.16 25.16 23.44
25.16 25.16 24.90
25.16 25.16 22.95
25.16 25.16 23.93
25.16 25.16 22.95
25.16 25.16 22.95
25.16 25.16 24.90
25.16 25.16 23.93
25.16 25.16 23.93
25.16 25.16 24.90
25.16 25.16 22.95
25.16 25.16 24.90
25.16 25.16 23.44
25.16 25.16 23.44
25.16 25.16 24.90
25.16 25.16 23.44
