18.00 19.53 25.98
25.98 21.00 26.80
26.80 21.48 25.98
25.98 19.53 25.98
25.98 19.53 21.00
25.98 25.98 19.53
25.98 25.98 19.53
25.98 25.98 19.53
25.98 25.98 21.00
26.80 26.80 21.48
25.98 25.98 19.53
25.98 25.98 19.53
25.98 25.98 19.04
25.16 25.16 19.04
25.98 25.98 21.48
25.98 25.98 19.04
25.98 25.98 18.07
25.98 25.98 18.07
25.98 25.98 18.07
25.98 25.98 18.55
25.98 25.98 19.04
25.98 25.98 18.55
25.98 25.98 19.53
25.98 25.98 19.04
25.98 25.98 18.07
26.80 26.80 18.07
25.98 25.98 20.02
25.98 25.98 18.07
25.98 25.98 18.07
25.98 25.98 18.07
25.98 25.98 18.07
25.98 25.98 18.07
25.98 25.98 17.58
25.98 25.98 19.04
25.98 25.98 18.55
25.98 25.98 21.00
25.98 25.98 21.97
25.98 25.98 21.00
25.98 25.98 19.04
25.98 25.98 17.58
25.98 25.98 21.48
26.80 26.80 21.48
26.80 26.80 19.53
25.98 25.98 19.04
25.98 25.98 18.55
25.98 25.98 21.97
25.98 25.98 21.97
25.98 25.98 23.44
25.98 25.98 22.95
25.98 25.98 24.41
25.98 25.98 24.90
25.98 25.98 24.41
25.98 25.98 25.39
25.98 25.98 26.37
25.98 25.98 27.83
25.98 25.98 27.83
25.98 25.98 27.83
25.98 25.98 28.32
25.98 25.98 28.32
25.98 25.98 27.83
25.98 25.98 28.81
25.98 25.98 28.32
25.98 25.98 28.81
25.98 25.98 30.76
25.98 25.98 30.76
25.98 25.98 30.27
25.98 25.98 31.25
26.80 26.80 29.79
25.98 25.98 30.76
26.80 26.80 30.76
25.98 25.98 31.74
26.80 26.80 30.76
25.98 25.98 31.25
25.98 25.98 31.74
25.98 25.98 31.74
26.80 26.80 32.23
25.98 25.98 32.23
25.98 25.98 31.74
25.98 25.98 32.71
25.98 25.98 31.74
26.80 26.80 31.74
25.98 25.98 31.74
26.80 26.80 32.23
25.98 25.98 31.74
26.80 26.80 31.74
26.80 26.80 32.71
25.98 25.98 32.23
25.98 25.98 31.74
26.80 26.80 31.74
26.80 26.80 32.23
25.98 25.98 33.20
26.80 26.80 33.69
25.98 25.98 32.71
25.98 25.98 33.20
25.98 25.98 32.71
25.98 25.98 30.76
25.98 25.98 30.76
25.98 25.98 30.76
25.98 25.98 30.27
