1.00 22.99
1.00 22.99
1.00 22.99
1.00 22.99
1.00 22.99
1.00 22.99
1.00 22.99
1.00 22.99
1.00 22.99
1.00 22.99
1.00 22.99
1.00 22.99
1.00 22.99
1.00 22.99
1.00 23.10
1.00 22.99
1.00 22.99
1.00 23.10
1.00 23.10
1.00 23.10
1.00 23.10
1.00 23.10
1.00 23.10
1.00 23.10
1.00 23.10
1.00 23.20
1.00 23.20
1.00 23.20
1.00 23.20
1.00 23.20
1.00 23.20
1.00 23.20
1.00 23.31
1.00 23.20
1.00 23.31
1.00 23.31
1.00 23.31
1.00 23.31
1.00 23.31
1.00 23.31
1.00 23.42
1.00 23.42
1.00 23.42
1.00 23.42
1.00 23.42
1.00 23.42
1.00 23.53
1.00 23.53
1.00 23.53
1.00 23.53
1.00 23.53
1.00 23.53
1.00 23.63
1.00 23.63
1.00 23.63
1.00 23.63
1.00 23.63
1.00 23.63
1.00 23.63
1.00 23.63
1.00 23.74
1.00 23.74
1.00 23.74
1.00 23.74
1.00 23.74
1.00 23.74
1.00 23.85
1.00 23.85
1.00 23.85
1.00 23.85
1.00 23.85
1.00 23.96
1.00 23.96
1.00 23.96
1.00 23.96
1.00 23.96
1.00 23.96
1.00 23.96
1.00 24.06
1.00 24.06
1.00 24.06
1.00 24.06
1.00 24.06
1.00 24.17
1.00 24.17
1.00 24.17
1.00 24.17
1.00 24.17
1.00 24.17
1.00 24.28
1.00 24.28
1.00 24.28
1.00 24.28
1.00 24.28
1.00 24.28
1.00 24.38
1.00 24.38
1.00 24.38
1.00 24.38
1.00 24.38
1.00 24.49
1.00 24.49
1.00 24.49
1.00 24.49
1.00 24.49
1.00 24.49
1.00 24.60
1.00 24.60
1.00 24.60
1.00 24.60
1.00 24.60
1.00 24.60
1.00 24.71
1.00 24.71
1.00 24.71
1.00 24.71
1.00 24.81
1.00 24.81
1.00 24.81
1.00 24.81
1.00 24.81
1.00 24.92
1.00 24.92
1.00 24.92
1.00 24.92
1.00 24.92
1.00 24.92
0.00 25.03
0.00 25.03
0.00 25.03
0.00 25.03
0.00 25.03
0.00 25.14
0.00 25.14
0.00 25.14
0.00 25.14
0.00 25.14
0.00 25.14
0.00 25.14
0.00 25.24
0.00 25.14
0.00 25.24
0.00 25.24
0.00 25.24
0.00 25.24
0.00 25.24
0.00 25.24
0.00 25.24
0.00 25.24
0.00 25.24
0.00 25.24
0.00 25.24
0.00 25.24
0.00 25.24
0.00 25.24
0.00 25.24
0.00 25.24
0.00 25.24
0.00 25.24
0.00 25.24
0.00 25.24
0.00 25.24
0.00 25.24
0.00 25.24
0.00 25.24
0.00 25.24
0.00 25.24
0.00 25.35
0.00 25.24
0.00 25.35
0.00 25.35
0.00 25.24
0.00 25.35
0.00 25.35
0.00 25.24
0.00 25.35
0.00 25.35
0.00 25.35
0.00 25.35
0.00 25.35
0.00 25.24
0.00 25.35
0.00 25.35
0.00 25.35
0.00 25.35
0.00 25.35
0.00 25.35
0.00 25.35
0.00 25.35
0.00 25.35
0.00 25.35
0.00 25.35
0.00 25.35
0.00 25.35
0.00 25.35
0.00 25.35
0.00 25.35
0.00 25.35
0.00 25.35
0.00 25.35
0.00 25.35
0.00 25.35
0.00 25.35
0.00 25.35
0.00 25.35
0.00 25.35
0.00 25.35
0.00 25.35
0.00 25.35
0.00 25.35
0.00 25.35
0.00 25.35
0.00 25.35
0.00 25.35
0.00 25.35
0.00 25.46
0.00 25.46
0.00 25.35
0.00 25.46
0.00 25.35
0.00 25.35
0.00 25.46
0.00 25.35
0.00 25.35
0.00 25.46
0.00 25.46
0.00 25.46
0.00 25.46
0.00 25.35
0.00 25.46
0.00 25.46
0.00 25.46
0.00 25.46
0.00 25.46
0.00 25.46
0.00 25.46
0.00 25.46
0.00 25.46
0.00 25.46
0.00 25.46
0.00 25.46
0.00 25.46
0.00 25.46
0.00 25.46
0.00 25.46
0.00 25.46
0.00 25.46
0.00 25.46
0.00 25.46
0.00 25.46
0.00 25.46
0.00 25.46
0.00 25.46
0.00 25.46
0.00 25.46
0.00 25.46
0.00 25.46
0.00 25.46
0.00 25.46
0.00 25.46
0.00 25.46
0.00 25.46
0.00 25.46
0.00 25.46
0.00 25.46
0.00 25.46
0.00 25.46
0.00 25.46
0.00 25.46
0.00 25.46
0.00 25.46
0.00 25.46
0.00 25.46
0.00 25.46
0.00 25.46
0.00 25.46
0.00 25.46
0.00 25.46
0.00 25.46
0.00 25.46
0.00 25.46
0.00 25.46
0.00 25.46
0.00 25.46
0.00 25.46
0.00 25.46
0.00 25.46
0.00 25.46
0.00 25.46
0.00 25.46
0.00 25.46
0.00 25.46
0.00 25.46
0.00 25.46
0.00 25.46
0.00 25.46
0.00 25.46
0.00 25.46
0.00 25.46
0.00 25.46
