1.00 21.48
1.00 21.48
1.00 21.48
1.00 21.48
1.00 21.48
1.00 21.48
1.00 21.48
1.00 21.48
1.00 21.48
1.00 21.48
1.00 21.48
1.00 21.48
1.00 21.48
1.00 21.48
1.00 21.97
1.00 21.48
1.00 21.97
1.00 21.48
1.00 21.97
1.00 21.48
1.00 21.97
1.00 21.48
1.00 21.97
1.00 21.97
1.00 21.97
1.00 21.97
1.00 21.97
1.00 21.97
1.00 21.97
1.00 21.97
1.00 21.97
1.00 21.97
1.00 21.97
1.00 21.97
1.00 21.97
1.00 21.97
1.00 21.97
1.00 21.97
1.00 21.97
1.00 21.97
1.00 21.97
1.00 21.97
1.00 21.97
1.00 21.97
1.00 21.97
1.00 21.97
1.00 21.97
1.00 21.97
1.00 21.97
1.00 21.97
1.00 21.97
1.00 21.97
1.00 21.97
1.00 21.97
1.00 22.46
1.00 21.97
1.00 22.46
1.00 22.46
1.00 22.46
1.00 22.46
1.00 22.46
1.00 22.46
1.00 22.46
1.00 22.46
1.00 22.46
1.00 22.46
1.00 22.46
1.00 22.46
1.00 22.46
1.00 22.46
1.00 22.46
1.00 22.46
1.00 22.46
1.00 22.46
1.00 22.46
1.00 22.46
1.00 22.46
1.00 22.46
1.00 22.46
1.00 22.46
1.00 22.46
1.00 22.46
1.00 22.46
1.00 22.46
1.00 22.95
1.00 22.95
1.00 22.95
1.00 22.95
1.00 22.95
1.00 22.95
1.00 22.95
1.00 22.95
1.00 22.95
1.00 22.95
1.00 22.95
1.00 22.95
1.00 22.95
1.00 22.95
1.00 22.95
1.00 22.95
1.00 22.95
1.00 22.95
1.00 22.95
1.00 22.95
1.00 22.95
1.00 22.95
1.00 22.95
1.00 22.95
1.00 22.95
1.00 22.95
1.00 22.95
1.00 22.95
1.00 23.44
1.00 23.44
1.00 23.44
1.00 23.44
1.00 23.44
1.00 23.44
1.00 23.44
1.00 23.44
1.00 23.44
1.00 23.44
1.00 23.44
1.00 23.44
1.00 23.44
1.00 23.44
1.00 23.44
1.00 23.44
1.00 23.44
1.00 23.44
1.00 23.44
1.00 23.44
1.00 23.44
1.00 23.44
1.00 23.44
1.00 23.44
1.00 23.44
1.00 23.44
1.00 23.93
1.00 23.93
1.00 23.93
1.00 23.93
1.00 23.93
1.00 23.93
1.00 23.93
1.00 23.93
1.00 23.93
1.00 23.93
1.00 23.93
1.00 23.93
1.00 23.93
1.00 23.93
1.00 23.93
1.00 23.93
1.00 23.93
1.00 23.93
1.00 23.93
1.00 23.93
1.00 23.93
1.00 23.93
1.00 23.93
1.00 23.93
1.00 23.93
0.00 24.41
0.00 24.41
0.00 24.41
0.00 24.41
0.00 24.41
0.00 24.41
0.00 24.41
0.00 24.41
0.00 24.41
0.00 24.41
0.00 24.41
0.00 24.41
0.00 24.41
0.00 24.41
0.00 24.41
0.00 24.41
0.00 24.41
0.00 24.41
0.00 24.41
0.00 24.41
0.00 24.41
0.00 24.41
0.00 24.41
0.00 24.41
0.00 24.41
0.00 24.41
0.00 24.41
0.00 24.41
0.00 24.41
0.00 24.41
0.00 24.41
0.00 24.41
0.00 24.41
0.00 24.41
0.00 24.41
0.00 24.41
0.00 24.41
0.00 24.41
0.00 24.41
0.00 24.41
0.00 24.41
0.00 24.41
0.00 24.41
0.00 24.41
0.00 24.41
0.00 24.41
0.00 24.41
0.00 24.41
0.00 24.41
0.00 24.41
0.00 24.41
0.00 24.41
0.00 24.41
0.00 24.41
0.00 24.41
0.00 24.41
0.00 24.41
0.00 24.41
0.00 24.41
0.00 24.41
0.00 24.41
0.00 24.41
0.00 24.41
0.00 24.41
0.00 24.41
0.00 24.41
0.00 24.41
0.00 24.41
0.00 24.41
0.00 24.41
0.00 24.41
0.00 24.41
0.00 24.41
0.00 24.41
0.00 24.41
0.00 24.41
0.00 24.41
0.00 24.41
0.00 24.41
0.00 24.41
0.00 24.41
0.00 24.41
0.00 24.41
0.00 24.41
0.00 24.41
0.00 24.41
0.00 24.41
0.00 24.41
0.00 24.41
0.00 24.41
0.00 24.41
0.00 24.41
0.00 24.41
0.00 24.41
0.00 24.41
0.00 24.41
0.00 24.41
0.00 24.41
0.00 24.41
0.00 24.41
0.00 24.41
0.00 24.41
0.00 24.41
0.00 24.41
0.00 24.41
0.00 24.41
0.00 24.41
0.00 24.41
0.00 24.41
0.00 24.41
0.00 24.41
0.00 24.41
0.00 24.41
0.00 24.41
0.00 24.41
0.00 24.41
0.00 24.41
0.00 24.41
0.00 24.41
0.00 24.41
0.00 24.41
0.00 24.41
0.00 24.41
0.00 24.41
0.00 24.41
0.00 24.41
0.00 24.41
0.00 24.41
0.00 24.41
0.00 24.41
0.00 24.41
0.00 24.41
0.00 24.41
0.00 24.41
0.00 24.41
0.00 24.41
0.00 24.41
