1.00 22.24
1.00 22.24
1.00 22.24
1.00 22.34
1.00 22.34
1.00 22.34
1.00 22.34
1.00 22.34
1.00 22.34
1.00 22.34
1.00 22.34
1.00 22.34
1.00 22.34
1.00 22.34
1.00 22.34
1.00 22.34
1.00 22.45
1.00 22.34
1.00 22.45
1.00 22.45
1.00 22.45
1.00 22.45
1.00 22.45
1.00 22.45
1.00 22.45
1.00 22.45
1.00 22.56
1.00 22.45
1.00 22.56
1.00 22.56
1.00 22.56
1.00 22.56
1.00 22.56
1.00 22.56
1.00 22.67
1.00 22.67
1.00 22.67
1.00 22.67
1.00 22.67
1.00 22.67
1.00 22.67
1.00 22.67
1.00 22.67
1.00 22.77
1.00 22.77
1.00 22.77
1.00 22.77
1.00 22.77
1.00 22.77
1.00 22.88
1.00 22.88
1.00 22.88
1.00 22.88
1.00 22.88
1.00 22.88
1.00 22.88
1.00 22.88
1.00 22.99
1.00 22.99
1.00 22.99
1.00 22.99
1.00 22.99
1.00 22.99
1.00 22.99
1.00 23.10
1.00 23.10
1.00 23.10
1.00 23.10
1.00 23.10
1.00 23.10
1.00 23.20
1.00 23.10
1.00 23.20
1.00 23.20
1.00 23.20
1.00 23.20
1.00 23.20
1.00 23.31
1.00 23.31
1.00 23.31
1.00 23.31
1.00 23.31
1.00 23.31
1.00 23.31
1.00 23.31
1.00 23.42
1.00 23.42
1.00 23.42
1.00 23.42
1.00 23.42
1.00 23.53
1.00 23.53
1.00 23.53
1.00 23.53
1.00 23.53
1.00 23.53
1.00 23.63
1.00 23.53
1.00 23.63
1.00 23.63
1.00 23.63
1.00 23.63
1.00 23.63
1.00 23.74
1.00 23.74
1.00 23.74
1.00 23.74
1.00 23.74
1.00 23.74
1.00 23.85
1.00 23.85
1.00 23.85
1.00 23.85
1.00 23.85
1.00 23.85
1.00 23.96
1.00 23.96
1.00 23.96
1.00 23.96
1.00 23.96
1.00 23.96
1.00 24.06
1.00 24.06
1.00 24.06
1.00 24.06
1.00 24.06
1.00 24.06
1.00 24.06
1.00 24.17
1.00 24.17
1.00 24.17
1.00 24.17
1.00 24.17
1.00 24.28
1.00 24.28
1.00 24.28
1.00 24.28
1.00 24.28
1.00 24.38
1.00 24.38
1.00 24.38
1.00 24.38
1.00 24.38
1.00 24.38
1.00 24.49
1.00 24.49
1.00 24.49
1.00 24.49
1.00 24.49
1.00 24.49
1.00 24.60
1.00 24.60
1.00 24.60
1.00 24.60
1.00 24.60
1.00 24.60
1.00 24.71
1.00 24.71
1.00 24.71
1.00 24.71
1.00 24.81
1.00 24.81
1.00 24.81
1.00 24.81
1.00 24.81
1.00 24.81
1.00 24.92
1.00 24.92
1.00 24.92
1.00 24.92
1.00 24.92
1.00 25.03
1.00 25.03
1.00 25.03
1.00 25.03
1.00 25.03
1.00 25.03
1.00 25.14
1.00 25.14
1.00 25.14
1.00 25.14
1.00 25.14
1.00 25.14
1.00 25.24
1.00 25.24
1.00 25.24
1.00 25.24
1.00 25.24
1.00 25.35
1.00 25.35
1.00 25.35
1.00 25.35
1.00 25.46
1.00 25.46
1.00 25.46
1.00 25.46
1.00 25.46
1.00 25.46
1.00 25.46
1.00 25.57
1.00 25.57
1.00 25.57
1.00 25.57
1.00 25.57
1.00 25.67
1.00 25.67
1.00 25.67
1.00 25.67
1.00 25.67
1.00 25.78
1.00 25.78
1.00 25.78
1.00 25.78
1.00 25.78
1.00 25.89
1.00 25.89
1.00 25.89
1.00 25.89
1.00 25.89
1.00 26.00
1.00 26.00
1.00 26.00
1.00 26.00
1.00 26.00
0.00 26.10
0.00 26.10
0.00 26.10
0.00 26.10
0.00 26.10
0.00 26.10
0.00 26.10
0.00 26.21
0.00 26.21
0.00 26.21
0.00 26.21
0.00 26.21
0.00 26.21
0.00 26.21
0.00 26.21
0.00 26.21
0.00 26.21
0.00 26.32
0.00 26.21
0.00 26.32
0.00 26.32
0.00 26.32
0.00 26.32
0.00 26.32
0.00 26.32
0.00 26.32
0.00 26.32
0.00 26.32
0.00 26.32
0.00 26.32
0.00 26.32
0.00 26.32
0.00 26.32
0.00 26.32
0.00 26.32
0.00 26.32
0.00 26.32
0.00 26.32
0.00 26.32
0.00 26.32
0.00 26.32
0.00 26.32
0.00 26.32
0.00 26.32
0.00 26.32
0.00 26.32
0.00 26.43
0.00 26.32
0.00 26.32
0.00 26.43
0.00 26.32
0.00 26.43
0.00 26.43
0.00 26.43
0.00 26.43
0.00 26.32
0.00 26.43
0.00 26.43
0.00 26.43
0.00 26.43
0.00 26.43
0.00 26.43
0.00 26.43
0.00 26.43
0.00 26.43
0.00 26.43
0.00 26.43
0.00 26.43
0.00 26.43
0.00 26.43
0.00 26.43
0.00 26.43
0.00 26.43
0.00 26.43
0.00 26.43
0.00 26.43
