1.00 22.67
1.00 22.77
1.00 22.77
1.00 22.77
1.00 22.88
1.00 22.88
1.00 22.88
1.00 22.88
1.00 22.99
1.00 22.99
1.00 22.99
0.00 23.10
0.00 23.10
0.00 23.10
0.00 23.10
0.00 23.20
0.00 23.20
0.00 23.20
0.00 23.20
0.00 23.31
0.00 23.31
0.00 23.31
0.00 23.31
0.00 23.31
0.00 23.31
0.00 23.42
0.00 23.42
0.00 23.42
0.00 23.42
0.00 23.42
0.00 23.42
0.00 23.42
0.00 23.53
0.00 23.53
0.00 23.53
0.00 23.53
0.00 23.53
0.00 23.53
0.00 23.53
0.00 23.53
0.00 23.53
0.00 23.53
0.00 23.53
0.00 23.63
0.00 23.63
0.00 23.63
0.00 23.63
0.00 23.63
0.00 23.63
0.00 23.63
0.00 23.63
0.00 23.63
0.00 23.63
0.00 23.63
0.00 23.63
0.00 23.63
0.00 23.74
0.00 23.74
0.00 23.74
0.00 23.74
0.00 23.74
0.00 23.74
0.00 23.74
0.00 23.74
0.00 23.74
0.00 23.74
0.00 23.74
0.00 23.74
0.00 23.74
0.00 23.74
0.00 23.74
0.00 23.74
0.00 23.74
0.00 23.74
0.00 23.74
0.00 23.85
0.00 23.85
0.00 23.85
0.00 23.85
0.00 23.85
0.00 23.85
0.00 23.85
0.00 23.85
0.00 23.85
0.00 23.85
0.00 23.85
0.00 23.85
0.00 23.85
0.00 23.85
0.00 23.85
0.00 23.85
0.00 23.85
0.00 23.85
0.00 23.85
0.00 23.85
0.00 23.96
0.00 23.85
0.00 23.96
0.00 23.96
0.00 23.96
