1.00 21.00
1.00 21.48
1.00 21.48
1.00 21.48
1.00 21.48
1.00 21.48
1.00 21.48
1.00 21.48
1.00 21.48
1.00 21.48
1.00 21.48
1.00 21.48
1.00 21.48
1.00 21.48
1.00 21.48
1.00 21.48
1.00 21.97
1.00 21.48
1.00 21.48
1.00 21.97
1.00 21.97
1.00 21.97
1.00 21.97
1.00 21.97
1.00 21.97
1.00 21.97
1.00 21.97
1.00 21.97
1.00 21.97
1.00 21.97
1.00 21.97
1.00 21.97
1.00 21.97
1.00 21.97
1.00 21.97
1.00 21.97
1.00 21.97
1.00 21.97
1.00 21.97
1.00 21.97
1.00 21.97
1.00 21.97
1.00 21.97
1.00 21.97
1.00 21.97
1.00 21.97
1.00 21.97
1.00 21.97
1.00 22.46
1.00 22.46
1.00 22.46
1.00 22.46
1.00 22.46
1.00 22.46
1.00 22.46
1.00 22.46
1.00 22.46
1.00 22.46
1.00 22.46
1.00 22.46
1.00 22.46
1.00 22.46
1.00 22.46
1.00 22.46
1.00 22.46
1.00 22.46
1.00 22.46
1.00 22.46
1.00 22.46
1.00 22.46
1.00 22.46
1.00 22.46
1.00 22.95
1.00 22.95
1.00 22.95
1.00 22.46
1.00 22.95
1.00 22.95
1.00 22.95
1.00 22.95
1.00 22.95
1.00 22.95
1.00 22.95
1.00 22.95
1.00 22.95
1.00 22.95
1.00 22.95
1.00 22.95
1.00 22.95
1.00 22.95
1.00 22.95
1.00 22.95
1.00 22.95
1.00 22.95
1.00 22.95
1.00 22.95
1.00 22.95
1.00 22.95
1.00 23.44
1.00 23.44
1.00 23.44
1.00 23.44
1.00 23.44
1.00 23.44
1.00 23.44
1.00 23.44
1.00 23.44
1.00 23.44
1.00 23.44
1.00 23.44
1.00 23.44
1.00 23.44
1.00 23.44
1.00 23.44
1.00 23.44
1.00 23.44
1.00 23.44
1.00 23.44
1.00 23.44
1.00 23.44
1.00 23.44
1.00 23.44
1.00 23.44
1.00 23.44
1.00 23.44
1.00 23.93
1.00 23.93
1.00 23.44
1.00 23.93
1.00 23.93
1.00 23.93
1.00 23.93
1.00 23.93
1.00 23.93
1.00 23.93
1.00 23.93
1.00 23.93
1.00 23.93
1.00 23.93
1.00 23.93
1.00 23.93
1.00 23.93
1.00 23.93
1.00 23.93
1.00 23.93
1.00 23.93
1.00 23.93
1.00 23.93
1.00 23.93
1.00 24.41
1.00 24.41
1.00 24.41
1.00 23.93
1.00 24.41
1.00 24.41
1.00 24.41
1.00 24.41
1.00 24.41
1.00 24.41
1.00 24.41
1.00 24.41
1.00 24.41
1.00 24.41
1.00 24.41
1.00 24.41
1.00 24.41
1.00 24.41
1.00 24.41
1.00 24.41
1.00 24.41
1.00 24.41
1.00 24.41
1.00 24.41
1.00 24.41
1.00 24.41
1.00 24.90
1.00 24.41
1.00 24.90
1.00 24.90
1.00 24.90
1.00 24.90
1.00 24.90
1.00 24.90
1.00 24.90
1.00 24.90
1.00 24.90
1.00 24.90
1.00 24.90
1.00 24.90
1.00 24.90
1.00 24.90
1.00 24.90
1.00 24.90
1.00 24.90
1.00 24.90
1.00 24.90
1.00 24.90
1.00 24.90
1.00 24.90
1.00 24.90
1.00 24.90
1.00 24.90
1.00 25.39
1.00 25.39
1.00 24.90
1.00 25.39
1.00 25.39
1.00 25.39
1.00 25.39
1.00 25.39
1.00 25.39
1.00 25.39
1.00 25.39
1.00 25.39
1.00 25.39
1.00 25.39
1.00 25.39
1.00 25.39
1.00 25.39
1.00 25.39
1.00 25.39
1.00 25.39
1.00 25.39
1.00 25.39
1.00 25.39
1.00 25.39
1.00 25.39
1.00 25.39
1.00 25.39
1.00 25.88
1.00 25.39
1.00 25.88
1.00 25.88
1.00 25.88
1.00 25.88
1.00 25.88
1.00 25.88
1.00 25.88
1.00 25.88
1.00 25.88
1.00 25.88
1.00 25.88
1.00 25.88
1.00 25.88
1.00 25.88
1.00 25.88
1.00 25.88
1.00 25.88
1.00 25.88
1.00 25.88
1.00 25.88
1.00 25.88
1.00 25.88
1.00 25.88
1.00 25.88
1.00 25.88
1.00 25.88
0.00 26.37
0.00 26.37
0.00 26.37
0.00 26.37
0.00 26.37
0.00 26.37
0.00 26.37
0.00 26.37
0.00 26.37
0.00 26.37
0.00 26.37
0.00 26.37
0.00 26.37
0.00 26.37
0.00 26.37
0.00 26.37
0.00 26.37
0.00 26.37
0.00 26.37
0.00 26.37
0.00 26.37
0.00 26.37
0.00 26.37
0.00 26.37
0.00 26.37
0.00 26.37
0.00 26.37
0.00 26.37
0.00 26.37
0.00 26.37
0.00 26.37
0.00 26.37
0.00 26.37
0.00 26.37
0.00 26.37
0.00 26.37
0.00 26.37
0.00 26.37
0.00 26.37
0.00 26.37
0.00 26.37
0.00 26.37
0.00 26.37
0.00 26.37
0.00 26.37
0.00 26.37
0.00 26.37
0.00 26.37
0.00 26.37
0.00 26.37
0.00 26.37
0.00 26.37
0.00 26.37
0.00 26.37
0.00 26.37
0.00 26.37
0.00 26.37
0.00 26.37
0.00 26.37
0.00 26.37
0.00 26.37
0.00 26.37
0.00 26.37
0.00 26.37
0.00 26.37
0.00 26.37
0.00 26.37
0.00 26.37
0.00 26.37
0.00 26.37
0.00 26.37
0.00 26.37
0.00 26.37
0.00 26.37
0.00 26.37
0.00 26.37
0.00 26.37
0.00 26.37
0.00 26.37
0.00 26.37
0.00 26.37
0.00 26.37
0.00 26.37
0.00 26.37
0.00 26.37
0.00 26.37
0.00 26.37
0.00 26.37
0.00 26.37
0.00 26.37
0.00 26.37
0.00 26.37
0.00 26.37
0.00 26.37
0.00 26.37
0.00 26.37
0.00 26.37
0.00 26.37
0.00 26.37
0.00 26.37
0.00 26.37
0.00 26.37
0.00 26.37
