22.77 98.00 1.23
22.77 98.00 1.23
22.88 89.00 1.12
22.77 98.00 1.23
22.77 98.00 1.23
22.77 98.00 1.23
22.77 98.00 1.23
22.77 98.00 1.23
22.88 89.00 1.12
22.77 98.00 1.23
22.88 89.00 1.12
22.88 89.00 1.12
22.88 89.00 1.12
22.88 89.00 1.12
22.88 89.00 1.12
22.88 89.00 1.12
22.88 89.00 1.12
22.88 89.00 1.12
22.88 89.00 1.12
22.88 89.00 1.12
22.88 89.00 1.12
22.88 89.00 1.12
22.88 89.00 1.12
22.88 89.00 1.12
22.88 89.00 1.12
22.88 89.00 1.12
22.88 89.00 1.12
22.88 89.00 1.12
22.88 89.00 1.12
22.88 89.00 1.12
22.88 89.00 1.12
22.88 89.00 1.12
22.88 89.00 1.12
22.88 89.00 1.12
22.88 89.00 1.12
22.99 80.00 1.01
22.99 80.00 1.01
22.99 80.00 1.01
22.99 80.00 1.01
22.99 80.00 1.01
22.99 80.00 1.01
22.99 80.00 1.01
22.99 80.00 1.01
22.99 80.00 1.01
22.99 80.00 1.01
22.99 80.00 1.01
22.99 80.00 1.01
22.99 80.00 1.01
22.99 80.00 1.01
22.99 80.00 1.01
22.99 80.00 1.01
22.99 80.00 1.01
22.99 80.00 1.01
22.99 80.00 1.01
22.99 80.00 1.01
22.99 80.00 1.01
22.99 80.00 1.01
22.99 80.00 1.01
22.99 80.00 1.01
22.99 80.00 1.01
22.99 80.00 1.01
22.99 80.00 1.01
22.99 80.00 1.01
23.10 72.00 0.90
22.99 80.00 1.01
23.10 72.00 0.90
22.99 80.00 1.01
23.10 72.00 0.90
22.99 80.00 1.01
23.10 72.00 0.90
23.10 72.00 0.90
23.10 72.00 0.90
23.10 72.00 0.90
23.10 72.00 0.90
23.10 72.00 0.90
23.10 72.00 0.90
23.10 72.00 0.90
23.10 72.00 0.90
23.10 72.00 0.90
23.10 72.00 0.90
23.10 72.00 0.90
23.10 72.00 0.90
23.10 72.00 0.90
23.10 72.00 0.90
23.10 72.00 0.90
23.10 72.00 0.90
23.10 72.00 0.90
23.10 72.00 0.90
23.10 72.00 0.90
23.10 72.00 0.90
23.10 72.00 0.90
23.10 72.00 0.90
23.10 72.00 0.90
23.10 72.00 0.90
23.10 72.00 0.90
23.10 72.00 0.90
23.20 63.00 0.80
23.10 72.00 0.90
23.10 72.00 0.90
23.20 63.00 0.80
23.10 72.00 0.90
23.20 63.00 0.80
23.10 72.00 0.90
23.20 63.00 0.80
23.20 63.00 0.80
23.20 63.00 0.80
23.20 63.00 0.80
23.20 63.00 0.80
23.20 63.00 0.80
23.20 63.00 0.80
23.20 63.00 0.80
23.20 63.00 0.80
23.20 63.00 0.80
23.20 63.00 0.80
23.20 63.00 0.80
23.20 63.00 0.80
23.20 63.00 0.80
23.20 63.00 0.80
23.20 63.00 0.80
23.20 63.00 0.80
23.20 63.00 0.80
23.20 63.00 0.80
23.20 63.00 0.80
23.20 63.00 0.80
23.20 63.00 0.80
23.20 63.00 0.80
23.20 63.00 0.80
23.20 63.00 0.80
23.20 63.00 0.80
23.20 63.00 0.80
23.31 55.00 0.69
23.20 63.00 0.80
23.31 55.00 0.69
23.31 55.00 0.69
23.31 55.00 0.69
23.31 55.00 0.69
23.31 55.00 0.69
23.31 55.00 0.69
23.31 55.00 0.69
23.31 55.00 0.69
23.31 55.00 0.69
23.31 55.00 0.69
23.31 55.00 0.69
23.31 55.00 0.69
23.31 55.00 0.69
23.31 55.00 0.69
23.31 55.00 0.69
23.31 55.00 0.69
23.31 55.00 0.69
23.31 55.00 0.69
23.31 55.00 0.69
23.31 55.00 0.69
23.31 55.00 0.69
23.31 55.00 0.69
23.31 55.00 0.69
23.31 55.00 0.69
23.31 55.00 0.69
23.31 55.00 0.69
23.31 55.00 0.69
23.31 55.00 0.69
23.31 55.00 0.69
23.42 46.00 0.58
23.31 55.00 0.69
23.31 55.00 0.69
23.31 55.00 0.69
23.42 46.00 0.58
23.42 46.00 0.58
23.42 46.00 0.58
23.42 46.00 0.58
23.42 46.00 0.58
23.42 46.00 0.58
23.42 46.00 0.58
23.42 46.00 0.58
23.42 46.00 0.58
23.42 46.00 0.58
23.42 46.00 0.58
23.42 46.00 0.58
23.42 46.00 0.58
23.42 46.00 0.58
23.42 46.00 0.58
23.42 46.00 0.58
23.42 46.00 0.58
23.42 46.00 0.58
23.42 46.00 0.58
23.42 46.00 0.58
23.42 46.00 0.58
23.42 46.00 0.58
23.42 46.00 0.58
23.42 46.00 0.58
23.42 46.00 0.58
23.42 46.00 0.58
23.42 46.00 0.58
23.42 46.00 0.58
23.42 46.00 0.58
23.42 46.00 0.58
23.42 46.00 0.58
23.42 46.00 0.58
23.42 46.00 0.58
23.42 46.00 0.58
23.53 37.00 0.47
23.53 37.00 0.47
23.53 37.00 0.47
23.53 37.00 0.47
23.53 37.00 0.47
23.53 37.00 0.47
23.53 37.00 0.47
23.53 37.00 0.47
23.53 37.00 0.47
23.53 37.00 0.47
23.53 37.00 0.47
23.53 37.00 0.47
23.53 37.00 0.47
23.53 37.00 0.47
23.53 37.00 0.47
23.53 37.00 0.47
23.53 37.00 0.47
23.53 37.00 0.47
23.53 37.00 0.47
23.53 37.00 0.47
23.53 37.00 0.47
23.53 37.00 0.47
23.53 37.00 0.47
23.53 37.00 0.47
23.53 37.00 0.47
23.53 37.00 0.47
23.53 37.00 0.47
23.53 37.00 0.47
23.53 37.00 0.47
23.53 37.00 0.47
23.53 37.00 0.47
23.53 37.00 0.47
23.53 37.00 0.47
23.53 37.00 0.47
23.53 37.00 0.47
23.53 37.00 0.47
23.53 37.00 0.47
23.53 37.00 0.47
23.53 37.00 0.47
23.53 37.00 0.47
23.53 37.00 0.47
23.53 37.00 0.47
23.53 37.00 0.47
23.63 29.00 0.37
23.53 37.00 0.47
23.63 29.00 0.37
23.53 37.00 0.47
23.63 29.00 0.37
23.63 29.00 0.37
23.53 37.00 0.47
23.63 29.00 0.37
23.53 37.00 0.47
23.63 29.00 0.37
23.63 29.00 0.37
23.63 29.00 0.37
23.63 29.00 0.37
23.63 29.00 0.37
23.63 29.00 0.37
23.63 29.00 0.37
23.63 29.00 0.37
23.63 29.00 0.37
23.63 29.00 0.37
23.63 29.00 0.37
23.63 29.00 0.37
23.63 29.00 0.37
23.63 29.00 0.37
23.63 29.00 0.37
23.63 29.00 0.37
23.63 29.00 0.37
23.63 29.00 0.37
23.63 29.00 0.37
23.63 29.00 0.37
23.63 29.00 0.37
23.63 29.00 0.37
23.63 29.00 0.37
23.63 29.00 0.37
23.63 29.00 0.37
23.63 29.00 0.37
23.63 29.00 0.37
23.63 29.00 0.37
23.63 29.00 0.37
23.63 29.00 0.37
23.63 29.00 0.37
23.63 29.00 0.37
23.63 29.00 0.37
23.63 29.00 0.37
23.63 29.00 0.37
23.63 29.00 0.37
23.63 29.00 0.37
23.74 20.00 0.26
23.63 29.00 0.37
23.63 29.00 0.37
23.63 29.00 0.37
23.63 29.00 0.37
23.63 29.00 0.37
23.63 29.00 0.37
23.74 20.00 0.26
23.63 29.00 0.37
23.74 20.00 0.26
23.74 20.00 0.26
23.63 29.00 0.37
