22.67 240.00 1.33
22.67 240.00 1.33
22.67 240.00 1.33
22.67 240.00 1.33
22.67 240.00 1.33
22.67 240.00 1.33
22.67 240.00 1.33
22.67 240.00 1.33
22.67 240.00 1.33
22.67 240.00 1.33
22.67 240.00 1.33
22.67 240.00 1.33
22.67 240.00 1.33
22.67 240.00 1.33
22.67 240.00 1.33
22.67 240.00 1.33
22.67 240.00 1.33
22.67 240.00 1.33
22.77 220.00 1.23
22.67 240.00 1.33
22.77 220.00 1.23
22.77 220.00 1.23
22.77 220.00 1.23
22.77 220.00 1.23
22.77 220.00 1.23
22.77 220.00 1.23
22.77 220.00 1.23
22.77 220.00 1.23
22.77 220.00 1.23
22.77 220.00 1.23
22.77 220.00 1.23
22.88 201.00 1.12
22.77 220.00 1.23
22.88 201.00 1.12
22.88 201.00 1.12
22.88 201.00 1.12
22.88 201.00 1.12
22.88 201.00 1.12
22.88 201.00 1.12
22.88 201.00 1.12
22.88 201.00 1.12
22.88 201.00 1.12
22.88 201.00 1.12
22.99 182.00 1.01
22.99 182.00 1.01
22.99 182.00 1.01
22.99 182.00 1.01
22.99 182.00 1.01
22.99 182.00 1.01
22.99 182.00 1.01
22.99 182.00 1.01
22.99 182.00 1.01
22.99 182.00 1.01
22.99 182.00 1.01
23.10 162.00 0.90
23.10 162.00 0.90
23.10 162.00 0.90
23.10 162.00 0.90
23.10 162.00 0.90
23.10 162.00 0.90
23.10 162.00 0.90
23.10 162.00 0.90
23.10 162.00 0.90
23.10 162.00 0.90
23.10 162.00 0.90
23.10 162.00 0.90
23.10 162.00 0.90
23.10 162.00 0.90
23.10 162.00 0.90
23.20 143.00 0.80
23.20 143.00 0.80
23.20 143.00 0.80
23.20 143.00 0.80
23.20 143.00 0.80
23.20 143.00 0.80
23.20 143.00 0.80
23.20 143.00 0.80
23.20 143.00 0.80
23.20 143.00 0.80
23.20 143.00 0.80
23.20 143.00 0.80
23.20 143.00 0.80
23.31 124.00 0.69
23.20 143.00 0.80
23.31 124.00 0.69
23.31 124.00 0.69
23.31 124.00 0.69
23.31 124.00 0.69
23.31 124.00 0.69
23.31 124.00 0.69
23.31 124.00 0.69
23.31 124.00 0.69
23.31 124.00 0.69
23.31 124.00 0.69
23.31 124.00 0.69
23.31 124.00 0.69
23.31 124.00 0.69
23.42 104.00 0.58
23.42 104.00 0.58
23.42 104.00 0.58
23.42 104.00 0.58
23.42 104.00 0.58
23.42 104.00 0.58
23.42 104.00 0.58
23.42 104.00 0.58
23.42 104.00 0.58
23.42 104.00 0.58
23.42 104.00 0.58
23.42 104.00 0.58
23.42 104.00 0.58
23.53 85.00 0.47
23.53 85.00 0.47
23.53 85.00 0.47
23.53 85.00 0.47
23.53 85.00 0.47
23.53 85.00 0.47
23.53 85.00 0.47
23.53 85.00 0.47
23.53 85.00 0.47
23.53 85.00 0.47
23.53 85.00 0.47
23.53 85.00 0.47
23.53 85.00 0.47
23.53 85.00 0.47
23.53 85.00 0.47
23.53 85.00 0.47
23.53 85.00 0.47
23.53 85.00 0.47
23.53 85.00 0.47
23.63 66.00 0.37
23.63 66.00 0.37
23.63 66.00 0.37
23.63 66.00 0.37
23.63 66.00 0.37
23.63 66.00 0.37
23.63 66.00 0.37
23.63 66.00 0.37
23.63 66.00 0.37
23.63 66.00 0.37
23.63 66.00 0.37
23.63 66.00 0.37
23.63 66.00 0.37
23.63 66.00 0.37
23.63 66.00 0.37
23.63 66.00 0.37
23.63 66.00 0.37
23.63 66.00 0.37
23.63 66.00 0.37
23.63 66.00 0.37
23.74 46.00 0.26
23.74 46.00 0.26
23.74 46.00 0.26
23.74 46.00 0.26
23.74 46.00 0.26
23.74 46.00 0.26
23.74 46.00 0.26
23.74 46.00 0.26
23.74 46.00 0.26
23.74 46.00 0.26
23.74 46.00 0.26
23.74 46.00 0.26
23.74 46.00 0.26
23.74 46.00 0.26
23.74 46.00 0.26
23.74 46.00 0.26
23.74 46.00 0.26
23.74 46.00 0.26
23.74 46.00 0.26
23.74 46.00 0.26
23.74 46.00 0.26
23.74 46.00 0.26
23.74 46.00 0.26
23.74 46.00 0.26
23.74 46.00 0.26
23.74 46.00 0.26
23.74 46.00 0.26
23.74 46.00 0.26
23.74 46.00 0.26
23.74 46.00 0.26
23.85 27.00 0.15
23.85 27.00 0.15
23.85 27.00 0.15
23.85 27.00 0.15
23.85 27.00 0.15
23.85 27.00 0.15
23.85 27.00 0.15
23.85 27.00 0.15
23.85 27.00 0.15
23.85 27.00 0.15
23.85 27.00 0.15
23.85 27.00 0.15
23.85 27.00 0.15
23.85 27.00 0.15
23.85 27.00 0.15
23.85 27.00 0.15
23.85 27.00 0.15
23.85 27.00 0.15
23.85 27.00 0.15
23.85 27.00 0.15
23.85 27.00 0.15
23.85 27.00 0.15
23.85 27.00 0.15
23.85 27.00 0.15
23.85 27.00 0.15
23.85 27.00 0.15
23.85 27.00 0.15
23.85 27.00 0.15
23.85 27.00 0.15
23.85 27.00 0.15
23.85 27.00 0.15
23.85 27.00 0.15
23.85 27.00 0.15
23.85 27.00 0.15
23.85 27.00 0.15
23.85 27.00 0.15
23.85 27.00 0.15
23.85 27.00 0.15
23.96 8.00 0.04
23.96 8.00 0.04
23.96 8.00 0.04
23.96 8.00 0.04
23.85 27.00 0.15
23.85 27.00 0.15
23.85 27.00 0.15
23.96 8.00 0.04
23.96 8.00 0.04
23.96 8.00 0.04
23.96 8.00 0.04
23.96 8.00 0.04
23.96 8.00 0.04
23.96 8.00 0.04
23.96 8.00 0.04
23.96 8.00 0.04
23.96 8.00 0.04
23.96 8.00 0.04
23.96 8.00 0.04
23.96 8.00 0.04
23.96 8.00 0.04
23.96 8.00 0.04
23.96 8.00 0.04
23.96 8.00 0.04
23.96 8.00 0.04
23.96 8.00 0.04
23.96 8.00 0.04
23.96 8.00 0.04
23.96 8.00 0.04
23.96 8.00 0.04
23.96 8.00 0.04
23.96 8.00 0.04
23.96 8.00 0.04
23.96 8.00 0.04
23.96 8.00 0.04
23.96 8.00 0.04
23.96 8.00 0.04
23.96 8.00 0.04
23.96 8.00 0.04
23.96 8.00 0.04
23.96 8.00 0.04
23.96 8.00 0.04
23.96 8.00 0.04
23.96 8.00 0.04
23.96 8.00 0.04
23.96 8.00 0.04
23.96 8.00 0.04
23.96 8.00 0.04
23.96 8.00 0.04
23.96 8.00 0.04
23.96 8.00 0.04
23.96 8.00 0.04
23.96 8.00 0.04
23.96 8.00 0.04
23.96 8.00 0.04
23.96 8.00 0.04
23.96 8.00 0.04
23.96 8.00 0.04
23.96 8.00 0.04
23.96 8.00 0.04
23.96 8.00 0.04
23.96 8.00 0.04
23.96 8.00 0.04
23.96 8.00 0.04
23.96 8.00 0.04
23.96 8.00 0.04
23.96 8.00 0.04
23.96 8.00 0.04
23.96 8.00 0.04
23.96 8.00 0.04
23.96 8.00 0.04
23.96 8.00 0.04
23.96 8.00 0.04
23.96 8.00 0.04
23.96 8.00 0.04
23.96 8.00 0.04
23.96 8.00 0.04
23.96 8.00 0.04
23.96 8.00 0.04
23.96 8.00 0.04
23.96 8.00 0.04
23.96 8.00 0.04
23.96 8.00 0.04
