22.56 255.00 1.44
22.56 255.00 1.44
22.56 255.00 1.44
22.56 255.00 1.44
22.56 255.00 1.44
22.56 255.00 1.44
22.56 255.00 1.44
22.67 255.00 1.33
22.67 255.00 1.33
22.67 255.00 1.33
22.67 255.00 1.33
22.67 255.00 1.33
22.67 255.00 1.33
22.67 255.00 1.33
22.67 255.00 1.33
22.67 255.00 1.33
22.67 255.00 1.33
22.67 255.00 1.33
22.67 255.00 1.33
22.67 255.00 1.33
22.67 255.00 1.33
22.67 255.00 1.33
22.67 255.00 1.33
22.67 255.00 1.33
22.77 245.00 1.23
22.77 245.00 1.23
22.77 245.00 1.23
22.77 245.00 1.23
22.77 245.00 1.23
22.77 245.00 1.23
22.77 245.00 1.23
22.77 245.00 1.23
22.77 245.00 1.23
22.88 223.00 1.12
22.77 245.00 1.23
22.88 223.00 1.12
22.88 223.00 1.12
22.88 223.00 1.12
22.88 223.00 1.12
22.88 223.00 1.12
22.88 223.00 1.12
22.88 223.00 1.12
22.88 223.00 1.12
22.88 223.00 1.12
22.99 202.00 1.01
22.99 202.00 1.01
22.99 202.00 1.01
22.99 202.00 1.01
22.99 202.00 1.01
22.99 202.00 1.01
22.99 202.00 1.01
22.99 202.00 1.01
22.99 202.00 1.01
23.10 180.00 0.90
23.10 180.00 0.90
23.10 180.00 0.90
23.10 180.00 0.90
23.10 180.00 0.90
23.10 180.00 0.90
23.10 180.00 0.90
23.10 180.00 0.90
23.10 180.00 0.90
23.10 180.00 0.90
23.20 159.00 0.80
23.10 180.00 0.90
23.20 159.00 0.80
23.20 159.00 0.80
23.20 159.00 0.80
23.20 159.00 0.80
23.20 159.00 0.80
23.20 159.00 0.80
23.20 159.00 0.80
23.31 137.00 0.69
23.31 137.00 0.69
23.31 137.00 0.69
23.31 137.00 0.69
23.31 137.00 0.69
23.31 137.00 0.69
23.31 137.00 0.69
23.31 137.00 0.69
23.31 137.00 0.69
23.31 137.00 0.69
23.31 137.00 0.69
23.31 137.00 0.69
23.31 137.00 0.69
23.42 116.00 0.58
23.31 137.00 0.69
23.42 116.00 0.58
23.42 116.00 0.58
23.42 116.00 0.58
23.42 116.00 0.58
23.42 116.00 0.58
23.42 116.00 0.58
23.42 116.00 0.58
23.42 116.00 0.58
23.42 116.00 0.58
23.42 116.00 0.58
23.42 116.00 0.58
23.42 116.00 0.58
23.53 94.00 0.47
23.53 94.00 0.47
23.53 94.00 0.47
23.53 94.00 0.47
23.53 94.00 0.47
23.53 94.00 0.47
23.53 94.00 0.47
23.53 94.00 0.47
23.53 94.00 0.47
23.53 94.00 0.47
23.53 94.00 0.47
23.53 94.00 0.47
23.53 94.00 0.47
23.53 94.00 0.47
23.53 94.00 0.47
23.53 94.00 0.47
23.53 94.00 0.47
23.53 94.00 0.47
23.53 94.00 0.47
23.63 73.00 0.37
23.63 73.00 0.37
23.63 73.00 0.37
23.63 73.00 0.37
23.63 73.00 0.37
23.63 73.00 0.37
23.63 73.00 0.37
23.63 73.00 0.37
23.63 73.00 0.37
23.63 73.00 0.37
23.63 73.00 0.37
23.63 73.00 0.37
23.63 73.00 0.37
23.63 73.00 0.37
23.63 73.00 0.37
23.63 73.00 0.37
23.63 73.00 0.37
23.63 73.00 0.37
23.63 73.00 0.37
23.74 51.00 0.26
23.74 51.00 0.26
23.74 51.00 0.26
23.74 51.00 0.26
23.74 51.00 0.26
23.74 51.00 0.26
23.74 51.00 0.26
23.74 51.00 0.26
23.74 51.00 0.26
23.74 51.00 0.26
23.74 51.00 0.26
23.74 51.00 0.26
23.74 51.00 0.26
23.74 51.00 0.26
23.74 51.00 0.26
23.74 51.00 0.26
23.74 51.00 0.26
23.74 51.00 0.26
23.74 51.00 0.26
23.74 51.00 0.26
23.74 51.00 0.26
23.74 51.00 0.26
23.85 30.00 0.15
23.74 51.00 0.26
23.74 51.00 0.26
23.74 51.00 0.26
23.74 51.00 0.26
23.85 30.00 0.15
23.85 30.00 0.15
23.85 30.00 0.15
23.85 30.00 0.15
23.85 30.00 0.15
23.85 30.00 0.15
23.85 30.00 0.15
23.85 30.00 0.15
23.85 30.00 0.15
23.85 30.00 0.15
23.85 30.00 0.15
23.85 30.00 0.15
23.85 30.00 0.15
23.85 30.00 0.15
23.85 30.00 0.15
23.85 30.00 0.15
23.85 30.00 0.15
23.85 30.00 0.15
23.85 30.00 0.15
23.85 30.00 0.15
23.85 30.00 0.15
23.85 30.00 0.15
23.85 30.00 0.15
23.85 30.00 0.15
23.85 30.00 0.15
23.96 8.00 0.04
23.85 30.00 0.15
23.85 30.00 0.15
23.96 8.00 0.04
23.85 30.00 0.15
23.96 8.00 0.04
23.85 30.00 0.15
23.96 8.00 0.04
23.96 8.00 0.04
23.96 8.00 0.04
23.96 8.00 0.04
23.96 8.00 0.04
23.96 8.00 0.04
23.96 8.00 0.04
23.96 8.00 0.04
23.96 8.00 0.04
23.96 8.00 0.04
23.96 8.00 0.04
23.96 8.00 0.04
23.96 8.00 0.04
23.96 8.00 0.04
23.96 8.00 0.04
23.96 8.00 0.04
23.96 8.00 0.04
23.96 8.00 0.04
23.96 8.00 0.04
23.96 8.00 0.04
23.96 8.00 0.04
23.96 8.00 0.04
23.96 8.00 0.04
23.96 8.00 0.04
23.96 8.00 0.04
23.96 8.00 0.04
23.96 8.00 0.04
23.96 8.00 0.04
23.96 8.00 0.04
23.96 8.00 0.04
23.96 8.00 0.04
23.96 8.00 0.04
23.96 8.00 0.04
23.96 8.00 0.04
23.96 8.00 0.04
23.96 8.00 0.04
23.96 8.00 0.04
23.96 8.00 0.04
23.96 8.00 0.04
23.96 8.00 0.04
23.96 8.00 0.04
23.96 8.00 0.04
23.96 8.00 0.04
23.96 8.00 0.04
24.06 0.00 -0.06
23.96 8.00 0.04
23.96 8.00 0.04
23.96 8.00 0.04
23.96 8.00 0.04
23.96 8.00 0.04
23.96 8.00 0.04
23.96 8.00 0.04
23.96 8.00 0.04
24.06 0.00 -0.06
23.96 8.00 0.04
23.96 8.00 0.04
24.06 0.00 -0.06
23.96 8.00 0.04
24.06 0.00 -0.06
23.96 8.00 0.04
24.06 0.00 -0.06
24.06 0.00 -0.06
24.06 0.00 -0.06
24.06 0.00 -0.06
24.06 0.00 -0.06
24.06 0.00 -0.06
24.06 0.00 -0.06
24.06 0.00 -0.06
23.96 8.00 0.04
24.06 0.00 -0.06
24.06 0.00 -0.06
24.06 0.00 -0.06
24.06 0.00 -0.06
23.96 8.00 0.04
24.06 0.00 -0.06
24.06 0.00 -0.06
24.06 0.00 -0.06
24.06 0.00 -0.06
24.06 0.00 -0.06
24.06 0.00 -0.06
24.06 0.00 -0.06
24.06 0.00 -0.06
24.06 0.00 -0.06
24.06 0.00 -0.06
24.06 0.00 -0.06
24.06 0.00 -0.06
24.06 0.00 -0.06
24.06 0.00 -0.06
24.06 0.00 -0.06
24.06 0.00 -0.06
24.06 0.00 -0.06
24.06 0.00 -0.06
24.06 0.00 -0.06
24.06 0.00 -0.06
24.06 0.00 -0.06
24.06 0.00 -0.06
24.06 0.00 -0.06
24.06 0.00 -0.06
24.06 0.00 -0.06
24.06 0.00 -0.06
24.06 0.00 -0.06
24.06 0.00 -0.06
24.06 0.00 -0.06
24.06 0.00 -0.06
