22.99 255.00 1.01
22.99 255.00 1.01
22.99 255.00 1.01
22.99 255.00 1.01
22.99 255.00 1.01
22.99 255.00 1.01
22.99 255.00 1.01
23.10 255.00 0.90
22.99 255.00 1.01
23.10 255.00 0.90
23.10 255.00 0.90
23.10 255.00 0.90
23.10 255.00 0.90
23.10 255.00 0.90
23.10 255.00 0.90
23.10 255.00 0.90
23.10 255.00 0.90
23.10 255.00 0.90
23.10 255.00 0.90
23.10 255.00 0.90
23.10 255.00 0.90
23.20 255.00 0.80
23.10 255.00 0.90
23.20 255.00 0.80
23.20 255.00 0.80
23.20 255.00 0.80
23.20 255.00 0.80
23.20 255.00 0.80
23.20 255.00 0.80
23.20 255.00 0.80
23.20 255.00 0.80
23.20 255.00 0.80
23.31 255.00 0.69
23.31 255.00 0.69
23.31 255.00 0.69
23.31 255.00 0.69
23.31 255.00 0.69
23.31 255.00 0.69
23.31 255.00 0.69
23.42 255.00 0.58
23.42 255.00 0.58
23.42 255.00 0.58
23.42 255.00 0.58
23.42 255.00 0.58
23.42 255.00 0.58
23.42 255.00 0.58
23.53 237.00 0.47
23.53 237.00 0.47
23.53 237.00 0.47
23.53 237.00 0.47
23.53 237.00 0.47
23.53 237.00 0.47
23.53 237.00 0.47
23.63 183.00 0.37
23.63 183.00 0.37
23.63 183.00 0.37
23.63 183.00 0.37
23.63 183.00 0.37
23.63 183.00 0.37
23.63 183.00 0.37
23.74 129.00 0.26
23.63 183.00 0.37
23.74 129.00 0.26
23.74 129.00 0.26
23.74 129.00 0.26
23.74 129.00 0.26
23.74 129.00 0.26
23.85 76.00 0.15
23.74 129.00 0.26
23.74 129.00 0.26
23.85 76.00 0.15
23.85 76.00 0.15
23.85 76.00 0.15
23.85 76.00 0.15
23.85 76.00 0.15
23.85 76.00 0.15
23.85 76.00 0.15
23.85 76.00 0.15
23.85 76.00 0.15
23.96 22.00 0.04
23.96 22.00 0.04
23.96 22.00 0.04
23.96 22.00 0.04
23.96 22.00 0.04
23.96 22.00 0.04
23.96 22.00 0.04
23.96 22.00 0.04
23.96 22.00 0.04
23.96 22.00 0.04
23.96 22.00 0.04
23.96 22.00 0.04
23.96 22.00 0.04
23.96 22.00 0.04
23.96 22.00 0.04
23.96 22.00 0.04
23.96 22.00 0.04
23.96 22.00 0.04
23.96 22.00 0.04
23.96 22.00 0.04
23.96 22.00 0.04
23.96 22.00 0.04
23.96 22.00 0.04
23.96 22.00 0.04
24.06 0.00 -0.06
23.96 22.00 0.04
24.06 0.00 -0.06
24.06 0.00 -0.06
24.06 0.00 -0.06
24.06 0.00 -0.06
24.06 0.00 -0.06
24.06 0.00 -0.06
24.06 0.00 -0.06
24.06 0.00 -0.06
24.06 0.00 -0.06
24.06 0.00 -0.06
24.06 0.00 -0.06
24.06 0.00 -0.06
24.06 0.00 -0.06
24.06 0.00 -0.06
24.06 0.00 -0.06
24.06 0.00 -0.06
24.06 0.00 -0.06
24.06 0.00 -0.06
24.06 0.00 -0.06
24.06 0.00 -0.06
24.06 0.00 -0.06
24.06 0.00 -0.06
24.06 0.00 -0.06
24.06 0.00 -0.06
24.06 0.00 -0.06
24.06 0.00 -0.06
24.06 0.00 -0.06
24.06 0.00 -0.06
24.06 0.00 -0.06
24.06 0.00 -0.06
24.06 0.00 -0.06
24.06 0.00 -0.06
24.06 0.00 -0.06
24.06 0.00 -0.06
24.06 0.00 -0.06
24.06 0.00 -0.06
24.06 0.00 -0.06
24.06 0.00 -0.06
24.06 0.00 -0.06
24.06 0.00 -0.06
24.06 0.00 -0.06
24.06 0.00 -0.06
24.06 0.00 -0.06
24.06 0.00 -0.06
24.06 0.00 -0.06
24.17 0.00 -0.17
24.06 0.00 -0.06
24.06 0.00 -0.06
24.17 0.00 -0.17
24.06 0.00 -0.06
24.17 0.00 -0.17
24.17 0.00 -0.17
24.17 0.00 -0.17
24.17 0.00 -0.17
24.06 0.00 -0.06
24.17 0.00 -0.17
24.17 0.00 -0.17
24.17 0.00 -0.17
24.17 0.00 -0.17
24.06 0.00 -0.06
24.17 0.00 -0.17
24.17 0.00 -0.17
24.17 0.00 -0.17
24.17 0.00 -0.17
24.17 0.00 -0.17
24.17 0.00 -0.17
24.17 0.00 -0.17
24.17 0.00 -0.17
24.17 0.00 -0.17
24.17 0.00 -0.17
24.17 0.00 -0.17
24.17 0.00 -0.17
24.17 0.00 -0.17
24.17 0.00 -0.17
24.17 0.00 -0.17
24.17 0.00 -0.17
24.17 0.00 -0.17
24.17 0.00 -0.17
24.17 0.00 -0.17
24.17 0.00 -0.17
24.17 0.00 -0.17
24.17 0.00 -0.17
24.17 0.00 -0.17
24.17 0.00 -0.17
24.17 0.00 -0.17
24.17 0.00 -0.17
24.17 0.00 -0.17
24.17 0.00 -0.17
24.17 0.00 -0.17
24.17 0.00 -0.17
24.17 0.00 -0.17
24.17 0.00 -0.17
24.17 0.00 -0.17
24.17 0.00 -0.17
24.17 0.00 -0.17
24.17 0.00 -0.17
24.17 0.00 -0.17
24.17 0.00 -0.17
24.17 0.00 -0.17
24.17 0.00 -0.17
24.17 0.00 -0.17
24.17 0.00 -0.17
24.17 0.00 -0.17
24.17 0.00 -0.17
24.17 0.00 -0.17
24.17 0.00 -0.17
24.17 0.00 -0.17
24.17 0.00 -0.17
24.17 0.00 -0.17
24.17 0.00 -0.17
24.17 0.00 -0.17
24.17 0.00 -0.17
24.17 0.00 -0.17
24.17 0.00 -0.17
24.17 0.00 -0.17
24.17 0.00 -0.17
24.28 0.00 -0.28
24.17 0.00 -0.17
24.17 0.00 -0.17
24.17 0.00 -0.17
24.17 0.00 -0.17
24.28 0.00 -0.28
24.17 0.00 -0.17
24.17 0.00 -0.17
24.17 0.00 -0.17
24.17 0.00 -0.17
24.28 0.00 -0.28
24.17 0.00 -0.17
24.17 0.00 -0.17
24.28 0.00 -0.28
24.17 0.00 -0.17
24.28 0.00 -0.28
24.17 0.00 -0.17
24.17 0.00 -0.17
24.17 0.00 -0.17
24.28 0.00 -0.28
24.28 0.00 -0.28
24.28 0.00 -0.28
24.17 0.00 -0.17
24.17 0.00 -0.17
24.28 0.00 -0.28
24.17 0.00 -0.17
24.28 0.00 -0.28
24.28 0.00 -0.28
24.17 0.00 -0.17
24.28 0.00 -0.28
24.17 0.00 -0.17
24.28 0.00 -0.28
24.28 0.00 -0.28
24.28 0.00 -0.28
24.28 0.00 -0.28
24.17 0.00 -0.17
24.28 0.00 -0.28
24.28 0.00 -0.28
24.17 0.00 -0.17
24.17 0.00 -0.17
24.28 0.00 -0.28
24.28 0.00 -0.28
24.28 0.00 -0.28
24.28 0.00 -0.28
24.28 0.00 -0.28
24.28 0.00 -0.28
24.28 0.00 -0.28
24.28 0.00 -0.28
24.17 0.00 -0.17
24.28 0.00 -0.28
24.17 0.00 -0.17
24.28 0.00 -0.28
24.28 0.00 -0.28
24.28 0.00 -0.28
24.28 0.00 -0.28
24.28 0.00 -0.28
24.28 0.00 -0.28
24.28 0.00 -0.28
24.28 0.00 -0.28
24.28 0.00 -0.28
24.28 0.00 -0.28
24.28 0.00 -0.28
24.28 0.00 -0.28
24.28 0.00 -0.28
24.28 0.00 -0.28
24.28 0.00 -0.28
24.28 0.00 -0.28
24.28 0.00 -0.28
24.28 0.00 -0.28
24.28 0.00 -0.28
24.28 0.00 -0.28
24.28 0.00 -0.28
24.28 0.00 -0.28
24.28 0.00 -0.28
24.28 0.00 -0.28
24.28 0.00 -0.28
24.28 0.00 -0.28
24.28 0.00 -0.28
24.17 0.00 -0.17
